100
0  12
4  29
27  39
27  23
12  40
34  26
22  34
32  13
1  40
45  33
27  11
42  49
22  37
3  8
15  0
46  36
7  18
22  42
13  14
27  28
25  41
34  19
24  37
15  19
30  32
19  45
20  18
10  4
49  2
48  47
18  45
1  41
0  9
23  41
44  11
31  4
35  26
20  46
4  18
8  17
1  19
21  7
44  37
6  30
18  7
10  45
7  32
0  32
44  7
29  20
34  10
11  47
31  14
13  34
18  36
11  24
25  18
12  1
37  9
44  4
4  49
3  23
12  14
28  20
44  0
18  8
22  46
30  4
31  30
9  31
14  44
32  29
2  45
36  4
4  5
19  7
11  19
21  26
38  6
27  34
37  34
24  16
32  16
0  48
49  27
32  15
27  2
30  44
22  26
5  17
27  1
15  2
40  4
4  38
7  45
45  48
31  31
31  20
32  45
3  46
