500
25  42
46  3
6  21
45  18
25  23
12  7
30  3
5  0
27  44
45  28
18  24
27  10
32  39
23  5
28  36
19  11
34  48
25  8
9  12
40  18
25  26
26  47
4  35
14  39
14  49
7  4
46  40
45  28
30  20
30  47
0  29
32  8
32  48
20  33
23  43
49  1
24  26
45  3
13  41
16  48
29  10
3  0
43  48
29  17
27  1
32  44
40  28
31  9
39  25
17  47
27  47
15  19
22  20
11  28
37  49
2  19
25  0
3  7
43  7
38  45
33  16
3  2
49  23
36  5
39  44
4  10
38  43
40  34
23  9
16  17
27  14
17  45
14  0
37  5
37  18
35  35
40  10
19  22
37  13
9  37
42  15
17  29
28  15
48  4
47  40
19  2
17  45
7  21
6  47
46  48
43  30
47  27
13  10
17  25
33  23
38  33
4  25
41  39
0  48
2  47
48  41
25  22
21  20
9  30
2  36
36  35
1  16
42  22
34  49
49  17
43  46
0  14
6  23
28  40
39  25
34  17
43  35
43  44
13  42
12  31
12  1
19  22
13  34
15  40
37  8
29  29
40  25
15  19
36  32
32  0
9  37
46  25
16  3
34  28
5  14
34  0
20  39
25  5
16  41
49  30
2  7
45  12
42  28
41  28
12  6
49  21
33  17
6  4
17  24
35  47
0  42
49  45
28  21
28  19
0  36
12  4
33  25
45  3
23  4
49  12
30  18
25  9
18  11
35  0
41  13
48  40
48  19
44  35
1  47
37  38
47  28
47  18
20  31
20  44
27  26
39  36
15  47
19  16
47  38
15  10
0  32
30  10
19  3
23  34
25  8
32  10
33  24
1  34
40  5
4  18
46  31
1  27
35  27
33  45
39  1
12  3
30  1
49  44
36  46
32  5
36  39
41  21
38  16
33  33
0  8
49  44
11  34
47  6
40  22
20  10
18  6
5  24
41  43
17  44
23  16
44  16
6  3
5  1
25  35
20  40
5  33
40  1
40  45
48  33
43  0
14  10
45  2
28  3
43  16
11  9
16  19
5  21
33  9
20  36
22  22
44  14
37  31
47  35
17  4
42  15
34  26
20  28
5  30
37  23
19  29
25  6
35  6
49  39
12  27
28  25
26  9
12  12
37  11
20  3
4  26
47  13
45  11
39  22
18  35
14  7
35  8
29  24
11  47
12  17
5  28
43  23
13  9
31  38
13  25
3  22
42  9
45  43
24  39
0  39
15  38
21  16
36  25
40  9
42  26
32  26
27  33
7  34
19  21
45  31
6  38
15  28
1  11
18  46
37  31
33  48
3  23
14  3
18  47
4  2
0  36
26  1
36  20
47  15
14  5
35  6
4  7
42  45
47  22
7  17
11  46
22  29
25  39
36  42
16  39
41  0
1  6
18  22
11  44
5  49
24  48
40  3
49  12
32  34
17  20
24  7
12  39
43  17
4  7
4  6
49  36
9  19
43  17
8  8
17  28
15  29
20  25
17  49
21  12
15  23
13  24
32  12
22  14
8  23
24  49
15  18
20  27
20  22
43  42
44  40
33  9
13  3
8  37
1  3
20  8
33  32
5  18
37  11
24  12
15  4
46  18
23  4
44  40
23  14
13  9
43  27
13  42
44  26
10  43
30  20
23  17
21  42
45  31
46  35
18  0
21  9
19  5
15  23
31  14
8  46
18  3
29  5
39  31
32  37
20  31
37  29
38  8
17  26
45  42
26  16
28  27
20  26
19  45
3  48
24  2
5  31
14  49
20  21
3  11
27  39
11  12
49  34
5  5
27  7
22  23
40  32
38  34
40  46
33  43
42  9
20  16
8  25
48  2
5  4
29  39
44  45
11  33
46  44
46  5
46  10
40  21
28  2
34  39
36  42
30  9
36  7
21  13
16  15
17  1
48  46
39  17
29  35
42  31
43  18
14  41
6  39
45  41
26  32
5  29
28  6
7  12
34  32
36  5
15  32
36  30
41  25
46  0
40  22
18  27
29  16
7  33
21  13
20  43
22  38
15  5
16  47
3  35
11  4
18  32
5  10
24  40
36  17
42  45
19  45
15  15
9  11
41  34
7  13
44  38
34  31
30  11
26  13
4  0
34  11
20  34
49  16
7  6
23  2
29  45
4  4
32  8
29  20
1  39
6  44
37  25
8  5
5  48
21  14
39  12
31  19
15  7
24  47
17  10
27  44
12  3
34  22
41  21
42  46
24  17
31  11
29  19
21  48
3  29
11  2
13  0
18  4
